Instance : eil51.tsp
opt distance : 426
trial : 10
generation : 100
population : 200
children : 100
trial...1
gene	min	max	ave
1	428	466	440.26
2	427	447	434.15
3	426	438	430.765
4	426	435	428.62
5	426	433	427.31
6	426	429	426.61
7	426	427	426.285
8	426	427	426.07
9	426	427	426.005
10	426	426	426
trial...2
gene	min	max	ave
1	428	464	439.84
2	427	446	433.915
3	426	439	430.5
4	426	435	428.49
5	426	432	427.105
6	426	430	426.455
7	426	427	426.14
8	426	427	426.015
9	426	426	426
trial...3
gene	min	max	ave
1	429	465	439.765
2	426	445	433.545
3	426	438	430.245
4	426	433	428.435
5	426	432	427.125
6	426	428	426.51
7	426	427	426.205
8	426	427	426.025
9	426	427	426.005
10	426	426	426
trial...4
gene	min	max	ave
1	427	461	439.82
2	426	442	433.145
3	426	436	429.945
4	426	432	427.94
5	426	431	426.82
6	426	428	426.225
7	426	427	426.04
8	426	427	426.005
9	426	426	426
trial...5
gene	min	max	ave
1	428	462	440.165
2	427	446	433.63
3	426	436	430.52
4	426	433	428.53
5	426	431	427.155
6	426	428	426.575
7	426	428	426.25
8	426	427	426.06
9	426	427	426.005
10	426	426	426
trial...6
gene	min	max	ave
1	426	460	440.11
2	426	446	433.87
3	426	437	430.225
4	426	434	428.045
5	426	431	426.72
6	426	428	426.275
7	426	427	426.045
8	426	426	426
trial...7
gene	min	max	ave
1	427	454	440.035
2	427	445	433.93
3	426	438	430.32
4	426	435	428.335
5	426	432	427.005
6	426	431	426.415
7	426	427	426.15
8	426	427	426.02
9	426	426	426
trial...8
gene	min	max	ave
1	429	456	439.995
2	427	444	434.14
3	426	439	430.82
4	426	434	428.62
5	426	431	427.545
6	426	429	426.98
7	426	427	426.775
8	426	427	426.575
9	426	427	426.33
10	426	427	426.1
11	426	427	426.005
12	426	426	426
trial...9
gene	min	max	ave
1	427	460	439.3
2	426	448	433.325
3	426	439	430.125
4	426	434	428.095
5	426	432	426.93
6	426	428	426.325
7	426	427	426.065
8	426	427	426.01
9	426	426	426
trial...10
gene	min	max	ave
1	426	460	439.43
2	426	445	433.245
3	426	437	430.245
4	426	432	428.13
5	426	432	426.88
6	426	428	426.245
7	426	428	426.04
8	426	426	426
opt count : 10
opt average : 426
convergence generation : 9.4
