Instance : eil76.tsp
opt distance : 538
trial : 10
generation : 100
population : 200
children : 100
trial...1
gene	min	max	ave
1	545	593	564.755
2	540	571	553.835
3	538	560	547.36
4	538	551	542.91
5	538	548	539.815
6	538	543	538.445
7	538	541	538.035
8	538	538	538
trial...2
gene	min	max	ave
1	546	590	564.815
2	539	568	553.685
3	538	562	547.24
4	538	553	542.86
5	538	548	539.65
6	538	545	538.315
7	538	540	538.015
8	538	538	538
trial...3
gene	min	max	ave
1	548	584	563.625
2	539	567	552.935
3	538	560	546.425
4	538	550	542.02
5	538	547	539.32
6	538	542	538.185
7	538	538	538
trial...4
gene	min	max	ave
1	546	585	564.96
2	541	569	553.93
3	538	557	546.845
4	538	551	542.41
5	538	546	539.52
6	538	543	538.355
7	538	539	538.055
8	538	539	538.015
9	538	539	538.005
10	538	538	538
trial...5
gene	min	max	ave
1	549	584	565.31
2	543	569	555.12
3	539	560	548.565
4	538	553	543.635
5	538	550	540.385
6	538	544	538.56
7	538	541	538.065
8	538	538	538
trial...6
gene	min	max	ave
1	542	591	564.13
2	538	571	553.57
3	538	562	546.91
4	538	552	542.26
5	538	548	539.3
6	538	541	538.135
7	538	539	538.005
8	538	538	538
trial...7
gene	min	max	ave
1	543	594	565.265
2	540	569	554.24
3	538	560	547.65
4	538	551	542.88
5	538	547	539.89
6	538	544	538.53
7	538	539	538.04
8	538	539	538.005
9	538	538	538
trial...8
gene	min	max	ave
1	546	589	564.32
2	542	572	553.87
3	538	557	547.175
4	538	550	542.455
5	538	546	539.625
6	538	543	538.35
7	538	540	538.03
8	538	538	538
trial...9
gene	min	max	ave
1	545	590	565.165
2	541	572	554.335
3	538	561	547.215
4	538	550	542.64
5	538	547	539.53
6	538	543	538.18
7	538	539	538.01
8	538	538	538
trial...10
gene	min	max	ave
1	541	591	565.04
2	539	573	554.33
3	538	560	546.96
4	538	551	541.84
5	538	546	539.135
6	538	543	538.16
7	538	539	538.005
8	538	538	538
opt count : 10
opt average : 538
convergence generation : 8.2
