Instance : fnl4461.tsp
opt distance : 182566
trial : 10
generation : 100
population : 200
children : 100
trial...1
gene	min	max	ave
1	198385	201660	199633
2	197230	199271	198124
3	196114	197893	196890
4	194985	196639	195816
5	194031	195757	194878
6	193263	194717	194040
7	192736	193879	193298
8	191928	193207	192624
9	190915	192708	192016
10	190507	191959	191449
11	190262	191537	190924
12	189704	191084	190433
13	189360	190466	189959
14	188912	189984	189523
15	188611	189528	189123
16	188118	189149	188741
17	187711	188796	188368
18	187447	188462	188031
19	187129	188128	187686
20	186950	187781	187372
21	186572	187548	187079
22	186308	187136	186791
23	186063	186883	186501
24	185652	186567	186253
25	185555	186289	186013
26	185336	186151	185782
27	185172	185906	185560
28	184998	185565	185354
29	184872	185450	185166
30	184639	185195	184977
31	184455	185029	184801
32	184338	184930	184638
33	184235	184667	184477
34	184115	184502	184322
35	184006	184400	184177
36	183785	184255	184051
37	183717	184120	183926
38	183649	183963	183808
39	183521	183865	183702
40	183463	183738	183597
41	183389	183617	183504
42	183307	183523	183417
43	183232	183449	183339
44	183169	183372	183271
45	183106	183280	183206
46	183044	183223	183146
47	182990	183159	183092
48	182969	183112	183044
49	182946	183062	182998
50	182906	183013	182956
51	182874	182976	182917
52	182851	182923	182883
53	182828	182888	182855
54	182809	182862	182833
55	182795	182834	182815
56	182788	182819	182801
57	182778	182803	182791
58	182772	182796	182782
59	182763	182788	182774
60	182757	182778	182768
61	182755	182772	182762
62	182755	182769	182758
63	182755	182766	182756
64	182755	182756	182755
65	182755	182756	182755
66	182755	182755	182755
trial...2
gene	min	max	ave
1	198312	201141	199648
2	197051	199128	198136
3	195873	197863	196887
4	195065	196559	195817
5	193997	195493	194872
6	193360	194660	194045
7	192563	193944	193326
8	191766	193290	192641
9	191107	192551	192029
10	190711	191966	191471
11	190362	191526	190952
12	189824	191120	190459
13	189280	190501	189998
14	189033	190112	189572
15	188537	189698	189151
16	188143	189221	188766
17	187864	188955	188406
18	187522	188430	188053
19	187239	188103	187732
20	186874	187859	187408
21	186667	187488	187106
22	186394	187189	186815
23	186064	186923	186543
24	185935	186687	186277
25	185653	186339	186034
26	185459	186140	185799
27	185188	185930	185572
28	184945	185722	185355
29	184791	185417	185145
30	184584	185174	184948
31	184450	185020	184763
32	184297	184843	184596
33	184189	184680	184431
34	183982	184517	184273
35	183833	184322	184123
36	183750	184161	183981
37	183635	184007	183847
38	183559	183879	183725
39	183459	183770	183614
40	183381	183649	183516
41	183269	183549	183426
42	183216	183454	183335
43	183139	183363	183254
44	183027	183284	183177
45	182990	183206	183108
46	182958	183154	183047
47	182911	183078	182992
48	182885	183008	182942
49	182853	182983	182903
50	182821	182904	182868
51	182795	182878	182837
52	182775	182847	182808
53	182753	182811	182783
54	182741	182786	182763
55	182727	182768	182747
56	182718	182748	182733
57	182706	182735	182722
58	182704	182724	182713
59	182701	182713	182706
60	182700	182707	182702
61	182700	182702	182701
62	182700	182701	182700
63	182700	182701	182700
64	182700	182700	182700
trial...3
gene	min	max	ave
1	198350	201411	199705
2	196447	199216	198184
3	196005	197900	196928
4	195135	196688	195868
5	194155	195791	194925
6	193437	194746	194113
7	192515	194212	193338
8	191830	193345	192653
9	191332	192567	192013
10	190881	192017	191423
11	190245	191338	190899
12	189674	190822	190386
13	189310	190454	189910
14	188928	189934	189476
15	188566	189471	189061
16	188145	189119	188681
17	187702	188692	188334
18	187340	188387	187975
19	187029	187990	187650
20	186725	187680	187327
21	186526	187413	187019
22	186310	187106	186721
23	185956	186837	186433
24	185837	186487	186183
25	185560	186300	185948
26	185350	186062	185709
27	185076	185815	185487
28	184926	185569	185272
29	184709	185397	185067
30	184519	185134	184867
31	184414	184976	184686
32	184296	184701	184521
33	184114	184600	184368
34	184007	184447	184224
35	183864	184345	184095
36	183730	184194	183963
37	183596	184012	183836
38	183528	183878	183715
39	183468	183748	183600
40	183359	183627	183500
41	183249	183538	183410
42	183211	183434	183331
43	183154	183335	183257
44	183106	183277	183192
45	183051	183204	183132
46	182990	183158	183080
47	182957	183083	183031
48	182919	183047	182987
49	182890	183017	182948
50	182860	182945	182910
51	182831	182922	182878
52	182808	182887	182850
53	182791	182865	182827
54	182780	182828	182807
55	182760	182815	182791
56	182753	182795	182775
57	182747	182780	182762
58	182735	182768	182750
59	182733	182751	182742
60	182730	182744	182736
61	182730	182739	182732
62	182729	182733	182731
63	182728	182731	182730
64	182728	182731	182729
65	182728	182730	182729
66	182728	182730	182728
67	182728	182729	182728
68	182728	182728	182728
trial...4
gene	min	max	ave
1	198460	201538	199707
2	196961	199315	198233
3	195416	197854	197008
4	194962	196805	195969
5	194234	195652	195027
6	193455	194792	194188
7	192586	194106	193432
8	192016	193339	192743
9	191549	192678	192111
10	190717	192126	191543
11	189965	191507	191005
12	189782	191032	190491
13	189414	190622	190031
14	188960	190185	189590
15	188548	189642	189183
16	188366	189230	188787
17	188011	188830	188438
18	187570	188478	188094
19	187087	188217	187784
20	186858	187823	187471
21	186517	187576	187158
22	186037	187208	186877
23	186003	186943	186613
24	185782	186688	186341
25	185724	186433	186094
26	185436	186221	185865
27	185263	185897	185646
28	185068	185715	185446
29	184931	185522	185245
30	184804	185312	185052
31	184658	185113	184872
32	184421	184923	184698
33	184308	184763	184540
34	184147	184573	184384
35	183942	184452	184235
36	183862	184276	184097
37	183776	184124	183971
38	183684	184026	183840
39	183564	183935	183720
40	183420	183792	183605
41	183359	183675	183499
42	183248	183523	183408
43	183195	183420	183323
44	183134	183354	183247
45	183075	183291	183177
46	183020	183194	183118
47	182968	183138	183057
48	182930	183064	183005
49	182890	183021	182959
50	182855	182980	182917
51	182825	182945	182879
52	182801	182908	182843
53	182775	182862	182813
54	182738	182836	182785
55	182728	182793	182762
56	182715	182764	182743
57	182702	182745	182725
58	182695	182734	182711
59	182685	182718	182699
60	182679	182702	182690
61	182676	182693	182682
62	182673	182684	182678
63	182671	182679	182675
64	182668	182676	182672
65	182667	182675	182670
66	182666	182673	182669
67	182666	182670	182668
68	182666	182668	182667
69	182666	182668	182666
70	182666	182667	182666
71	182666	182666	182666
trial...5
gene	min	max	ave
1	198133	200885	199566
2	197026	199220	198113
3	195921	197767	196864
4	194774	196493	195806
5	193976	195595	194867
6	193112	194767	194042
7	192307	193900	193286
8	191822	193200	192608
9	191190	192491	191968
10	190613	191856	191391
11	190216	191369	190865
12	189870	191011	190375
13	189253	190347	189909
14	188989	189962	189502
15	188596	189480	189103
16	188377	189191	188741
17	187743	188835	188364
18	187460	188657	188041
19	187245	188054	187715
20	186994	187736	187407
21	186688	187481	187110
22	186371	187263	186833
23	186066	186942	186584
24	185801	186647	186335
25	185663	186445	186087
26	185432	186185	185847
27	185337	185980	185625
28	185089	185715	185422
29	184887	185536	185221
30	184708	185295	185025
31	184589	185081	184841
32	184324	184891	184671
33	184237	184724	184517
34	184116	184537	184374
35	184079	184431	184245
36	183957	184299	184122
37	183810	184198	184001
38	183701	184037	183892
39	183646	183931	183787
40	183504	183856	183687
41	183412	183738	183592
42	183377	183619	183499
43	183308	183558	183419
44	183226	183465	183350
45	183144	183396	183282
46	183109	183346	183219
47	183068	183276	183162
48	183004	183194	183112
49	182976	183141	183065
50	182936	183095	183018
51	182910	183038	182980
52	182866	183005	182941
53	182854	182959	182906
54	182825	182934	182874
55	182791	182899	182841
56	182776	182865	182811
57	182750	182819	182784
58	182742	182788	182762
59	182726	182769	182747
60	182722	182751	182734
61	182715	182735	182725
62	182712	182727	182719
63	182707	182720	182715
64	182704	182717	182711
65	182703	182714	182708
66	182703	182712	182706
67	182703	182708	182704
68	182703	182705	182703
69	182703	182703	182703
trial...6
gene	min	max	ave
1	198131	201104	199541
2	196723	199378	198068
3	195508	197600	196819
4	194639	196518	195751
5	193987	195388	194834
6	193213	194631	194006
7	192446	193902	193268
8	191728	193195	192587
9	191353	192462	191946
10	190760	191929	191371
11	190264	191467	190843
12	189695	190926	190347
13	189436	190420	189886
14	188925	189944	189449
15	188369	189637	189036
16	188050	189083	188654
17	187769	188732	188283
18	187537	188404	187945
19	187277	187989	187641
20	186938	187707	187331
21	186487	187411	187027
22	186303	187089	186736
23	185935	186858	186472
24	185873	186510	186201
25	185582	186257	185943
26	185358	185934	185693
27	185177	185741	185463
28	184984	185546	185246
29	184739	185334	185041
30	184486	185075	184844
31	184336	184943	184657
32	184187	184781	184483
33	184087	184542	184315
34	183968	184323	184151
35	183762	184173	183997
36	183666	184032	183866
37	183580	183918	183742
38	183438	183765	183625
39	183379	183649	183526
40	183273	183593	183434
41	183244	183495	183355
42	183185	183369	183282
43	183146	183297	183216
44	183074	183245	183156
45	183031	183183	183101
46	182965	183138	183050
47	182942	183051	183004
48	182919	183016	182968
49	182883	182980	182935
50	182855	182946	182905
51	182833	182912	182878
52	182826	182893	182856
53	182806	182865	182836
54	182802	182846	182820
55	182779	182826	182805
56	182773	182815	182793
57	182765	182796	182782
58	182764	182785	182774
59	182759	182777	182768
60	182755	182771	182762
61	182753	182766	182758
62	182750	182759	182754
63	182747	182755	182752
64	182747	182753	182749
65	182746	182751	182748
66	182746	182749	182747
67	182746	182748	182747
68	182746	182747	182747
69	182746	182747	182746
70	182746	182747	182746
71	182746	182747	182746
72	182746	182746	182746
trial...7
gene	min	max	ave
1	198074	201285	199676
2	196973	199497	198198
3	195629	198063	196993
4	195031	196772	195931
5	194093	195748	194988
6	193425	194888	194169
7	192548	194035	193420
8	191862	193374	192750
9	191482	192682	192140
10	190849	192332	191566
11	190517	191518	191007
12	189835	191014	190508
13	189326	190544	190048
14	189047	190139	189603
15	188712	189613	189174
16	188352	189302	188783
17	187853	188843	188398
18	187323	188403	188033
19	187234	188240	187704
20	187002	187785	187386
21	186587	187431	187090
22	186340	187127	186805
23	186069	186854	186538
24	185761	186600	186263
25	185665	186308	186018
26	185381	186037	185768
27	185226	185830	185545
28	184944	185541	185322
29	184800	185358	185109
30	184645	185208	184916
31	184468	184972	184729
32	184321	184776	184554
33	184137	184617	184389
34	184018	184416	184233
35	183853	184265	184089
36	183772	184137	183956
37	183651	183992	183836
38	183555	183884	183721
39	183427	183802	183614
40	183370	183687	183515
41	183306	183589	183425
42	183236	183455	183341
43	183170	183370	183267
44	183109	183281	183201
45	183023	183226	183140
46	183000	183166	183090
47	182968	183104	183042
48	182934	183069	183001
49	182889	183020	182964
50	182870	182975	182930
51	182850	182943	182898
52	182827	182914	182869
53	182800	182875	182842
54	182788	182847	182819
55	182767	182825	182799
56	182760	182800	182781
57	182749	182786	182766
58	182740	182769	182753
59	182728	182754	182742
60	182721	182743	182732
61	182714	182734	182723
62	182711	182727	182716
63	182708	182718	182712
64	182706	182713	182709
65	182705	182711	182708
66	182704	182709	182706
67	182704	182707	182705
68	182704	182706	182704
69	182704	182705	182704
70	182704	182704	182704
trial...8
gene	min	max	ave
1	198589	200824	199653
2	197163	199174	198192
3	196194	197816	196962
4	194799	196690	195871
5	193956	195526	194955
6	193366	194805	194101
7	192519	193988	193345
8	191955	193267	192632
9	191303	192594	192003
10	190613	191901	191421
11	190223	191510	190886
12	189849	190874	190389
13	189283	190561	189906
14	188842	189877	189468
15	188537	189518	189065
16	188187	189206	188686
17	187909	188820	188322
18	187596	188400	187973
19	187211	188107	187644
20	187016	187797	187331
21	186654	187441	187058
22	186386	187207	186774
23	186107	186834	186513
24	185890	186599	186258
25	185725	186360	186019
26	185308	186050	185789
27	185238	185889	185564
28	185062	185656	185345
29	184855	185404	185135
30	184624	185278	184954
31	184521	185029	184779
32	184380	184818	184607
33	184232	184681	184443
34	184058	184522	184290
35	183837	184402	184152
36	183783	184223	184016
37	183687	184067	183884
38	183598	183953	183762
39	183491	183867	183647
40	183364	183664	183541
41	183266	183584	183448
42	183207	183483	183356
43	183167	183389	183272
44	183075	183299	183192
45	183030	183214	183119
46	182976	183128	183056
47	182913	183061	182999
48	182882	183022	182952
49	182858	182966	182910
50	182835	182926	182875
51	182802	182883	182845
52	182785	182847	182819
53	182769	182819	182796
54	182758	182797	182777
55	182740	182783	182761
56	182734	182765	182748
57	182728	182755	182737
58	182722	182739	182729
59	182717	182732	182724
60	182716	182725	182720
61	182716	182723	182717
62	182716	182722	182716
63	182716	182721	182716
64	182716	182716	182716
trial...9
gene	min	max	ave
1	198277	200818	199635
2	197104	199465	198154
3	196071	197810	196907
4	195122	196518	195842
5	194262	195431	194893
6	193024	194676	194079
7	192640	193959	193322
8	191814	193187	192634
9	191391	192610	192013
10	190786	191962	191425
11	190147	191378	190890
12	189873	190983	190405
13	189407	190456	189940
14	188914	189899	189498
15	188503	189598	189081
16	188186	189097	188668
17	187814	188666	188297
18	187445	188354	187944
19	187307	188007	187616
20	187002	187694	187306
21	186621	187373	187013
22	186329	187023	186729
23	186072	186784	186450
24	185863	186474	186187
25	185530	186277	185950
26	185408	185952	185719
27	185234	185752	185503
28	185023	185548	185298
29	184857	185342	185118
30	184668	185164	184941
31	184419	184961	184763
32	184340	184834	184604
33	184142	184615	184447
34	184042	184457	184307
35	183944	184388	184176
36	183874	184332	184049
37	183758	184093	183930
38	183643	184000	183819
39	183534	183867	183712
40	183454	183752	183616
41	183389	183636	183524
42	183294	183543	183437
43	183229	183468	183356
44	183187	183379	183280
45	183131	183309	183213
46	183053	183225	183152
47	183001	183184	183092
48	182962	183099	183038
49	182917	183044	182990
50	182880	183005	182949
51	182859	182960	182911
52	182833	182927	182880
53	182823	182883	182852
54	182802	182862	182829
55	182785	182834	182809
56	182771	182811	182792
57	182763	182793	182778
58	182751	182780	182766
59	182740	182769	182756
60	182737	182759	182748
61	182732	182753	182741
62	182730	182745	182736
63	182727	182738	182732
64	182726	182734	182728
65	182726	182730	182727
66	182726	182728	182727
67	182726	182727	182726
68	182726	182727	182726
69	182726	182727	182726
70	182726	182726	182726
trial...10
gene	min	max	ave
1	198182	201140	199674
2	197151	199158	198143
3	195806	197772	196894
4	194931	196462	195871
5	193938	195720	194924
6	193203	194808	194070
7	192499	193936	193307
8	191839	193211	192606
9	191276	192478	191978
10	190654	191982	191411
11	190144	191349	190866
12	189836	190952	190380
13	189207	190361	189902
14	188976	189927	189472
15	188369	189497	189083
16	188291	189065	188701
17	187879	188711	188328
18	187461	188390	187984
19	187013	188079	187654
20	186819	187733	187337
21	186544	187389	187059
22	186335	187203	186791
23	185777	186911	186529
24	185727	186682	186269
25	185597	186327	186027
26	185376	186078	185805
27	185195	185867	185597
28	185050	185725	185393
29	184845	185473	185200
30	184775	185312	185029
31	184654	185070	184862
32	184455	184914	184700
33	184260	184751	184545
34	184168	184668	184387
35	184042	184472	184249
36	183887	184308	184122
37	183752	184172	184004
38	183702	184048	183889
39	183627	183969	183784
40	183535	183817	183690
41	183482	183727	183604
42	183401	183629	183528
43	183338	183562	183457
44	183272	183490	183392
45	183259	183414	183334
46	183210	183357	183279
47	183160	183287	183229
48	183122	183243	183185
49	183067	183198	183144
50	183047	183174	183106
51	183010	183123	183069
52	182970	183080	183033
53	182944	183048	182999
54	182908	183022	182966
55	182894	182987	182937
56	182868	182954	182909
57	182849	182921	182886
58	182828	182891	182865
59	182810	182871	182845
60	182797	182851	182827
61	182788	182836	182811
62	182781	182812	182798
63	182774	182801	182787
64	182768	182791	182779
65	182765	182783	182773
66	182764	182775	182769
67	182764	182771	182767
68	182763	182768	182765
69	182763	182768	182764
70	182763	182768	182764
71	182763	182764	182763
72	182763	182764	182763
73	182763	182763	182763
opt count : 0
opt average : 182721
convergence generation : 68.7
