Instance : kroA100.tsp
opt distance : 21282
trial : 10
generation : 100
population : 200
children : 100
trial...1
gene	min	max	ave
1	21319	23544	22188.6
2	21292	22716	21705.2
3	21282	22035	21433.4
4	21282	21661	21333.8
5	21282	21392	21292.2
6	21282	21305	21283.6
7	21282	21292	21282.1
8	21282	21282	21282
trial...2
gene	min	max	ave
1	21359	24164	22224.1
2	21292	22439	21706.5
3	21282	22308	21441.2
4	21282	21693	21323.7
5	21282	21392	21287.8
6	21282	21369	21282.9
7	21282	21282	21282
trial...3
gene	min	max	ave
1	21331	23438	22209.6
2	21282	22465	21693.8
3	21282	21996	21423.7
4	21282	21559	21315.3
5	21282	21373	21287.5
6	21282	21305	21282.4
7	21282	21282	21282
trial...4
gene	min	max	ave
1	21319	23804	22197.5
2	21282	23121	21669.2
3	21282	21851	21415.4
4	21282	21642	21311
5	21282	21369	21287
6	21282	21305	21282.4
7	21282	21282	21282
trial...5
gene	min	max	ave
1	21296	23576	22130.2
2	21292	22478	21653.3
3	21282	22377	21408.9
4	21282	21577	21315.6
5	21282	21378	21289.1
6	21282	21305	21282.4
7	21282	21282	21282
trial...6
gene	min	max	ave
1	21369	23562	22183.9
2	21282	22477	21688.2
3	21282	21996	21427.4
4	21282	21677	21321
5	21282	21355	21287
6	21282	21305	21282.2
7	21282	21282	21282
trial...7
gene	min	max	ave
1	21296	23536	22202.8
2	21282	22459	21690.6
3	21282	21964	21424.8
4	21282	21603	21318.7
5	21282	21353	21289.8
6	21282	21305	21283
7	21282	21295	21282.1
8	21282	21282	21282
trial...8
gene	min	max	ave
1	21282	23509	22150.4
2	21282	22573	21685.1
3	21282	21807	21427.1
4	21282	21590	21318.4
5	21282	21378	21287.3
6	21282	21305	21282.4
7	21282	21282	21282
trial...9
gene	min	max	ave
1	21305	23593	22210.9
2	21282	22755	21709.9
3	21282	21895	21435
4	21282	21703	21325
5	21282	21430	21289.2
6	21282	21343	21282.7
7	21282	21282	21282
trial...10
gene	min	max	ave
1	21315	23540	22107.4
2	21282	22480	21658.8
3	21282	21990	21423.1
4	21282	21653	21315
5	21282	21381	21287.5
6	21282	21282	21282
opt count : 10
opt average : 21282
convergence generation : 7.1
