Instance : pr124.tsp
opt distance : 59030
trial : 10
generation : 100
population : 200
children : 100
trial...1
gene	min	max	ave
1	59076	63959	60878.1
2	59030	62094	59978.6
3	59030	60601	59448.1
4	59030	59850	59168.3
5	59030	59385	59069.6
6	59030	59159	59038.9
7	59030	59076	59030.9
8	59030	59030	59030
trial...2
gene	min	max	ave
1	59076	64443	60875.8
2	59030	61468	59912.3
3	59030	60876	59452.9
4	59030	60015	59170
5	59030	59385	59081.2
6	59030	59238	59051.6
7	59030	59087	59037.5
8	59030	59076	59032.1
9	59030	59030	59030
trial...3
gene	min	max	ave
1	59030	63387	60854.5
2	59030	61411	59903.2
3	59030	60429	59453.3
4	59030	60038	59183.8
5	59030	59650	59082.4
6	59030	59210	59048
7	59030	59087	59034.2
8	59030	59076	59030.5
9	59030	59030	59030
trial...4
gene	min	max	ave
1	59159	63578	60862.5
2	59030	61648	59872.5
3	59030	60347	59408.7
4	59030	60038	59142.3
5	59030	59458	59053.2
6	59030	59159	59034.1
7	59030	59076	59030.2
8	59030	59030	59030
trial...5
gene	min	max	ave
1	59076	64298	60678.8
2	59030	60876	59776.7
3	59030	60296	59383.5
4	59030	59853	59152.3
5	59030	59490	59064.7
6	59030	59227	59039.2
7	59030	59076	59031.4
8	59030	59030	59030
trial...6
gene	min	max	ave
1	59164	64104	60685.1
2	59030	61978	59805.4
3	59030	61131	59341.2
4	59030	59948	59146
5	59030	59412	59070.6
6	59030	59087	59048.1
7	59030	59076	59036.7
8	59030	59076	59030.7
9	59030	59030	59030
trial...7
gene	min	max	ave
1	59030	64936	60737.2
2	59030	61774	59817
3	59030	60556	59389.7
4	59030	59940	59155.5
5	59030	59547	59062.7
6	59030	59159	59038.5
7	59030	59087	59031.2
8	59030	59030	59030
trial...8
gene	min	max	ave
1	59030	63485	60629.5
2	59030	61307	59796.8
3	59030	60697	59374.4
4	59030	59933	59133.8
5	59030	59257	59064.4
6	59030	59159	59041.5
7	59030	59087	59032.4
8	59030	59030	59030
trial...9
gene	min	max	ave
1	59076	63842	60807.9
2	59030	61861	59855.2
3	59030	60587	59371
4	59030	59891	59138.9
5	59030	59293	59069.2
6	59030	59159	59047
7	59030	59087	59034
8	59030	59076	59030.5
9	59030	59030	59030
trial...10
gene	min	max	ave
1	59076	64184	60654.1
2	59030	61544	59796.6
3	59030	60322	59400.2
4	59030	59932	59157.2
5	59030	59293	59063.5
6	59030	59092	59043.7
7	59030	59087	59033.7
8	59030	59030	59030
opt count : 10
opt average : 59030
convergence generation : 8.4
