Instance : pr76.tsp
opt distance : 108159
trial : 10
generation : 100
population : 200
children : 100
trial...1
gene	min	max	ave
1	108552	119553	111808
2	108159	114715	110027
3	108159	111326	109137
4	108159	109820	108662
5	108159	109118	108364
6	108159	108948	108185
7	108159	108638	108163
8	108159	108159	108159
trial...2
gene	min	max	ave
1	108183	117780	111650
2	108183	114196	109972
3	108159	111989	109086
4	108159	109781	108594
5	108159	109114	108293
6	108159	108843	108170
7	108159	108194	108159
8	108159	108159	108159
trial...3
gene	min	max	ave
1	108159	117725	111559
2	108159	113814	109860
3	108159	111662	108988
4	108159	110268	108501
5	108159	109085	108222
6	108159	108264	108161
7	108159	108159	108159
trial...4
gene	min	max	ave
1	108202	118639	111568
2	108159	114623	109899
3	108159	111932	109029
4	108159	109865	108568
5	108159	109318	108302
6	108159	108769	108170
7	108159	108234	108160
8	108159	108159	108159
trial...5
gene	min	max	ave
1	108202	118623	111510
2	108159	113681	109824
3	108159	111124	108958
4	108159	109869	108487
5	108159	109043	108254
6	108159	108638	108167
7	108159	108194	108160
8	108159	108159	108159
trial...6
gene	min	max	ave
1	108280	116031	111565
2	108159	113612	109904
3	108159	110827	108991
4	108159	110054	108500
5	108159	109330	108242
6	108159	108358	108162
7	108159	108159	108159
trial...7
gene	min	max	ave
1	108339	117208	111614
2	108194	113461	109994
3	108159	111208	109159
4	108159	109863	108725
5	108159	109307	108444
6	108159	109085	108247
7	108159	108644	108170
8	108159	108644	108162
9	108159	108159	108159
trial...8
gene	min	max	ave
1	108845	122845	111745
2	108234	112772	110096
3	108159	111472	109234
4	108159	109672	108760
5	108159	109283	108464
6	108159	109085	108250
7	108159	108644	108165
8	108159	108159	108159
trial...9
gene	min	max	ave
1	108159	115993	111481
2	108159	112201	109896
3	108159	111184	109093
4	108159	109910	108689
5	108159	109125	108395
6	108159	109085	108197
7	108159	108948	108167
8	108159	108194	108159
9	108159	108159	108159
trial...10
gene	min	max	ave
1	108667	119537	111411
2	108159	113681	109826
3	108159	110617	109057
4	108159	110015	108643
5	108159	109088	108331
6	108159	108948	108183
7	108159	108194	108159
8	108159	108159	108159
opt count : 10
opt average : 108159
convergence generation : 8
