Instance : rl5915.tsp
opt distance : 565530
trial : 10
generation : 100
population : 200
children : 100
trial...1
gene	min	max	ave
1	613304	648565	627154
2	607981	624873	617736
3	603893	617712	610164
4	597354	610583	603944
5	588990	602900	598429
6	588112	597676	593634
7	584716	592909	589652
8	581280	589158	586099
9	579671	585506	582954
10	578016	582956	580274
11	575340	580148	577882
12	573395	577815	575883
13	572035	576233	574138
14	571134	574512	572678
15	570124	572513	571404
16	569243	571466	570308
17	568307	570668	569392
18	567927	569713	568605
19	567343	568735	568013
20	567001	568037	567507
21	566653	567464	567101
22	566426	567197	566769
23	566122	566790	566498
24	566054	566530	566275
25	565917	566274	566104
26	565808	566111	565968
27	565731	565998	565859
28	565694	565869	565771
29	565643	565772	565705
30	565626	565727	565662
31	565605	565677	565635
32	565597	565640	565616
33	565597	565623	565603
34	565597	565610	565598
35	565597	565605	565597
36	565597	565597	565597
trial...2
gene	min	max	ave
1	617129	640441	627505
2	610027	628206	617982
3	601989	622041	610441
4	597150	609799	604244
5	594314	604012	598969
6	589822	599335	594407
7	586345	594078	590421
8	583142	589676	586864
9	581138	587115	583805
10	577957	584392	581119
11	576610	581140	578763
12	574704	579080	576739
13	573233	576564	574938
14	571369	575054	573402
15	570844	573685	572068
16	569909	572130	571002
17	569012	571003	570073
18	568535	570226	569309
19	568034	569218	568651
20	567585	568731	568122
21	567196	568140	567686
22	566840	567732	567303
23	566581	567398	566979
24	566434	567032	566693
25	566247	566841	566455
26	566093	566493	566262
27	565940	566269	566105
28	565856	566109	565982
29	565766	565981	565879
30	565716	565912	565798
31	565663	565810	565732
32	565644	565753	565686
33	565629	565705	565658
34	565615	565674	565639
35	565614	565653	565625
36	565614	565631	565617
37	565614	565625	565614
38	565614	565614	565614
trial...3
gene	min	max	ave
1	613001	643625	626828
2	607142	627332	617617
3	603850	617200	610063
4	598000	610060	603803
5	593291	604310	598738
6	590036	598847	593950
7	586688	594618	589928
8	583559	589606	586483
9	580285	586406	583408
10	578287	583160	580693
11	576088	580586	578360
12	573764	578503	576396
13	572562	576361	574704
14	571782	575012	573253
15	570443	573532	571988
16	569913	572053	570915
17	569291	571017	570030
18	568657	570002	569261
19	567817	569341	568637
20	567557	568631	568108
21	567211	568146	567660
22	566883	567601	567267
23	566655	567285	566951
24	566412	566935	566676
25	566190	566752	566438
26	566061	566492	566243
27	565895	566224	566079
28	565830	566077	565951
29	565767	565947	565852
30	565718	565846	565780
31	565683	565798	565734
32	565672	565741	565706
33	565650	565717	565688
34	565641	565705	565673
35	565639	565694	565664
36	565637	565690	565658
37	565637	565663	565653
38	565637	565661	565648
39	565637	565659	565642
40	565637	565659	565638
41	565637	565637	565637
trial...4
gene	min	max	ave
1	616462	641014	627241
2	607099	627514	617697
3	601541	617473	609949
4	596765	609543	603681
5	593442	604210	598524
6	589973	599256	593890
7	586762	593770	589994
8	583579	589626	586449
9	580960	586126	583447
10	578006	582734	580963
11	576520	581197	578696
12	574354	578628	576798
13	573587	576764	575114
14	571803	575455	573610
15	570997	573667	572326
16	569945	572363	571210
17	569339	571232	570312
18	568680	570539	569573
19	568227	569538	568934
20	567787	568997	568401
21	567305	568546	567941
22	567105	568051	567522
23	566832	567587	567157
24	566572	567307	566845
25	566268	566814	566597
26	566199	566706	566404
27	566090	566441	566249
28	565988	566289	566127
29	565917	566147	566025
30	565860	566030	565948
31	565820	565963	565895
32	565776	565911	565850
33	565761	565862	565811
34	565744	565842	565777
35	565744	565818	565758
36	565744	565769	565749
37	565744	565754	565745
38	565744	565750	565744
39	565744	565748	565744
40	565744	565744	565744
trial...5
gene	min	max	ave
1	613662	642826	627365
2	610091	628149	618094
3	603462	617464	610675
4	600043	610420	604715
5	593462	604218	599471
6	591086	599313	594922
7	585792	594671	590946
8	583582	590861	587447
9	581348	586916	584379
10	578494	584478	581643
11	576607	581601	579228
12	573585	579195	577083
13	572458	577230	575373
14	571567	575746	573808
15	570718	573667	572497
16	569904	572689	571355
17	569222	571313	570375
18	568527	570301	569526
19	567971	569590	568834
20	567302	568877	568232
21	567138	568391	567739
22	566777	567955	567309
23	566610	567381	566954
24	566373	567084	566652
25	566150	566657	566412
26	566022	566413	566234
27	565902	566259	566089
28	565812	566081	565973
29	565758	566005	565883
30	565713	565902	565807
31	565681	565839	565752
32	565659	565779	565710
33	565645	565744	565680
34	565634	565699	565660
35	565634	565673	565648
36	565634	565671	565642
37	565634	565649	565637
38	565634	565649	565635
39	565634	565634	565634
trial...6
gene	min	max	ave
1	617337	643208	626725
2	609129	629621	617488
3	603552	617666	609982
4	598432	610565	603913
5	594655	604040	598849
6	588495	597552	594358
7	585508	593937	590369
8	582136	589732	586812
9	580069	586344	583768
10	577397	583408	581013
11	576009	580724	578645
12	574064	579381	576566
13	572355	577161	574788
14	571110	575209	573165
15	570645	573337	571773
16	569461	571722	570653
17	568962	570434	569693
18	568245	569599	568918
19	567639	569006	568300
20	567215	568276	567762
21	566882	567803	567325
22	566495	567422	566966
23	566269	566977	566675
24	566102	566808	566440
25	566005	566447	566241
26	565901	566275	566086
27	565790	566120	565962
28	565756	565971	565866
29	565711	565896	565792
30	565658	565809	565738
31	565625	565763	565697
32	565617	565710	565667
33	565617	565686	565643
34	565601	565667	565625
35	565601	565646	565617
36	565595	565625	565615
37	565595	565617	565614
38	565595	565617	565611
39	565595	565617	565607
40	565595	565617	565601
41	565595	565611	565597
42	565595	565611	565595
43	565595	565595	565595
trial...7
gene	min	max	ave
1	615448	641463	626467
2	608092	626380	616962
3	602327	616776	609439
4	597379	608970	603269
5	591970	602750	597944
6	589183	598364	593457
7	584786	593196	589346
8	582526	589110	586034
9	579554	585527	583035
10	577572	583138	580432
11	575823	580528	578178
12	573949	578244	576217
13	572871	576430	574492
14	571650	574469	573089
15	570535	573277	571877
16	569263	572582	570813
17	568896	570760	569848
18	568016	569789	569060
19	567665	569152	568396
20	567101	568415	567828
21	566826	567890	567358
22	566648	567391	566969
23	566395	567063	566663
24	566192	566726	566429
25	566006	566454	566232
26	565905	566225	566074
27	565822	566090	565954
28	565766	565979	565860
29	565739	565887	565796
30	565693	565804	565753
31	565678	565770	565723
32	565666	565745	565699
33	565648	565711	565677
34	565642	565689	565659
35	565641	565666	565648
36	565641	565659	565644
37	565641	565646	565642
38	565641	565645	565642
39	565641	565642	565641
40	565641	565642	565641
41	565641	565641	565641
trial...8
gene	min	max	ave
1	615745	639217	626771
2	608748	628091	617550
3	602743	616674	610237
4	597459	609485	603837
5	591644	603881	598568
6	588029	598552	593861
7	584761	593678	589839
8	582652	589710	586331
9	579229	586793	583191
10	577351	583733	580571
11	575516	580361	578284
12	574313	578405	576347
13	573160	576313	574720
14	571759	575088	573318
15	570487	574022	572086
16	569751	572153	570994
17	568600	571232	570033
18	568167	570345	569238
19	567823	569180	568555
20	567335	568396	567968
21	566857	567907	567492
22	566733	567446	567089
23	566522	567099	566761
24	566311	566730	566508
25	566128	566472	566296
26	565952	566262	566133
27	565839	566138	566002
28	565749	566034	565901
29	565729	565900	565826
30	565700	565843	565767
31	565667	565799	565721
32	565645	565775	565686
33	565634	565721	565660
34	565628	565671	565646
35	565628	565662	565638
36	565628	565644	565632
37	565628	565644	565629
38	565628	565644	565628
39	565628	565628	565628
trial...9
gene	min	max	ave
1	614261	638367	627727
2	608398	631792	618352
3	604188	618480	610639
4	598126	609670	604498
5	594143	603435	599147
6	588548	598641	594547
7	586564	594025	590494
8	583079	590375	586991
9	581261	586483	583956
10	577620	583566	581248
11	576666	581628	578860
12	574169	579493	576866
13	573235	576779	575092
14	571984	575232	573564
15	571047	573598	572310
16	570149	572383	571201
17	569372	571298	570266
18	568624	570383	569433
19	567880	569523	568701
20	567501	568763	568117
21	567037	568193	567620
22	566711	567613	567220
23	566447	567216	566896
24	566319	566987	566629
25	566216	566612	566418
26	566088	566399	566244
27	565986	566264	566108
28	565880	566162	566006
29	565827	566028	565924
30	565787	565939	565857
31	565744	565877	565802
32	565714	565826	565761
33	565690	565768	565732
34	565665	565738	565709
35	565665	565725	565691
36	565659	565713	565676
37	565659	565698	565667
38	565659	565671	565664
39	565659	565665	565663
40	565659	565665	565662
41	565659	565665	565661
42	565659	565665	565659
43	565659	565665	565659
44	565659	565659	565659
trial...10
gene	min	max	ave
1	613180	645065	626762
2	608318	627634	617613
3	603578	618726	610309
4	597039	610210	604130
5	594450	602946	598822
6	587346	598371	594365
7	584314	593839	590390
8	582429	589853	586763
9	579851	586436	583713
10	578162	583471	581030
11	576639	581221	578768
12	574623	579105	576853
13	572979	577507	575147
14	571957	575309	573687
15	571088	573854	572441
16	569855	572335	571303
17	569264	571206	570316
18	568382	570478	569443
19	567884	569501	568672
20	567429	568815	568031
21	567041	568155	567501
22	566723	567453	567082
23	566503	567077	566760
24	566261	566760	566498
25	566053	566481	566287
26	565868	566277	566112
27	565814	566103	565970
28	565769	565977	565867
29	565732	565893	565795
30	565679	565798	565747
31	565662	565757	565705
32	565646	565724	565673
33	565637	565699	565656
34	565637	565661	565650
35	565637	565657	565645
36	565637	565650	565640
37	565637	565650	565638
38	565637	565637	565637
opt count : 0
opt average : 565639
convergence generation : 39.9
