Instance : berlin52.tsp
opt distance : 7542
trial : 10
generation : 100
population : 200
children : 100
trial...1
gene	min	max	ave
1	7542	8432	7935.94
2	7542	8142	7779.93
3	7542	8012	7651.6
4	7542	7815	7573.94
5	7542	7682	7545.65
6	7542	7542	7542
trial...2
gene	min	max	ave
1	7542	8477	7945.22
2	7542	8112	7784.72
3	7542	7992	7662.38
4	7542	7822	7580.49
5	7542	7715	7547.34
6	7542	7596	7542.27
7	7542	7542	7542
trial...3
gene	min	max	ave
1	7542	8413	7952.45
2	7542	8124	7799.84
3	7542	7980	7685.87
4	7542	7939	7599.24
5	7542	7715	7554.22
6	7542	7596	7543.08
7	7542	7542	7542
trial...4
gene	min	max	ave
1	7542	8363	7956.04
2	7542	8171	7790.91
3	7542	7970	7664.87
4	7542	7929	7579.29
5	7542	7762	7546.36
6	7542	7658	7542.58
7	7542	7542	7542
trial...5
gene	min	max	ave
1	7542	8348	7949.85
2	7542	8137	7790.14
3	7542	7996	7654.02
4	7542	7788	7569.85
5	7542	7749	7545.8
6	7542	7542	7542
trial...6
gene	min	max	ave
1	7542	8489	7983.23
2	7542	8167	7818.41
3	7542	8002	7684.79
4	7542	7954	7596.01
5	7542	7771	7550.62
6	7542	7596	7542.54
7	7542	7542	7542
trial...7
gene	min	max	ave
1	7542	8439	7961.15
2	7542	8196	7802.57
3	7542	8077	7685.5
4	7542	7820	7600.35
5	7542	7775	7556.06
6	7542	7596	7543.38
7	7542	7542	7542
trial...8
gene	min	max	ave
1	7542	8429	7983.88
2	7542	8120	7819.34
3	7542	8017	7685.96
4	7542	7815	7600.14
5	7542	7775	7556.35
6	7542	7715	7544.66
7	7542	7542	7542
trial...9
gene	min	max	ave
1	7542	8374	7943.31
2	7542	8157	7793.8
3	7542	7991	7661.02
4	7542	7918	7573.81
5	7542	7686	7544.77
6	7542	7542	7542
trial...10
gene	min	max	ave
1	7542	8361	7951.63
2	7542	8098	7796.67
3	7542	7952	7671.36
4	7542	7912	7590.26
5	7542	7787	7551.57
6	7542	7596	7542.59
7	7542	7542	7542
opt count : 10
opt average : 7542
convergence generation : 6.7
