Instance : kroB100.tsp
opt distance : 22141
trial : 10
generation : 100
population : 200
children : 100
trial...1
gene	min	max	ave
1	22330	24135	23131.6
2	22241	23415	22651.2
3	22141	22792	22403.3
4	22141	22633	22276.6
5	22141	22410	22196.3
6	22141	22272	22157.1
7	22141	22235	22142.6
8	22141	22141	22141
trial...2
gene	min	max	ave
1	22144	24034	23125.3
2	22141	23504	22666.9
3	22141	23011	22397.3
4	22141	22614	22265.5
5	22141	22381	22192.1
6	22141	22258	22159.6
7	22141	22220	22144.7
8	22141	22141	22141
trial...3
gene	min	max	ave
1	22425	24566	23159.8
2	22245	23354	22698.3
3	22141	23029	22444.9
4	22141	22721	22295.8
5	22141	22441	22205.4
6	22141	22322	22163.4
7	22141	22215	22144.1
8	22141	22141	22141
trial...4
gene	min	max	ave
1	22193	24064	23118.4
2	22190	23387	22673.4
3	22141	23059	22398.4
4	22141	22566	22255.2
5	22141	22344	22181.5
6	22141	22270	22152
7	22141	22211	22142
8	22141	22141	22141
trial...5
gene	min	max	ave
1	22262	24121	23115.3
2	22141	23401	22701.4
3	22141	22951	22431.2
4	22141	22611	22259.7
5	22141	22527	22186.4
6	22141	22267	22149.4
7	22141	22212	22141.6
8	22141	22141	22141
trial...6
gene	min	max	ave
1	22245	24282	23128
2	22151	23588	22703.6
3	22151	22892	22426.3
4	22141	22614	22282.5
5	22141	22472	22209
6	22141	22272	22171.7
7	22141	22237	22148.8
8	22141	22199	22141.5
9	22141	22141	22141
trial...7
gene	min	max	ave
1	22184	24390	23082.1
2	22141	23371	22616.9
3	22141	22786	22363.6
4	22141	22547	22241.3
5	22141	22348	22189.3
6	22141	22251	22163.7
7	22141	22220	22146.4
8	22141	22199	22141.6
9	22141	22141	22141
trial...8
gene	min	max	ave
1	22379	24839	23110.1
2	22144	23376	22648.6
3	22141	23077	22375.6
4	22141	22679	22240.1
5	22141	22436	22174.4
6	22141	22272	22147.6
7	22141	22158	22141.2
8	22141	22141	22141
trial...9
gene	min	max	ave
1	22179	24375	23049.1
2	22146	23727	22630.2
3	22141	23063	22380.9
4	22141	22608	22245.8
5	22141	22381	22176.9
6	22141	22246	22152.4
7	22141	22220	22143.2
8	22141	22151	22141
9	22141	22141	22141
trial...10
gene	min	max	ave
1	22212	24071	23101.2
2	22141	23491	22616.7
3	22141	22781	22344.1
4	22141	22577	22219.9
5	22141	22335	22164.6
6	22141	22234	22143.2
7	22141	22141	22141
opt count : 10
opt average : 22141
convergence generation : 8.2
