Instance : kroC100.tsp
opt distance : 20749
trial : 10
generation : 100
population : 200
children : 100
trial...1
gene	min	max	ave
1	20852	23545	21816.6
2	20749	22359	21288.3
3	20749	21722	21021.5
4	20749	21156	20851.8
5	20749	21013	20777.2
6	20749	20900	20753.5
7	20749	20769	20749.7
8	20749	20749	20749
trial...2
gene	min	max	ave
1	20805	23633	21853.8
2	20749	22310	21320.3
3	20749	21561	21022.9
4	20749	21260	20873.2
5	20749	21010	20790.5
6	20749	20872	20756.2
7	20749	20749	20749
trial...3
gene	min	max	ave
1	20769	23224	21755.5
2	20753	22197	21256.3
3	20749	21623	20973.8
4	20749	21188	20829.8
5	20749	21010	20768.9
6	20749	20816	20750.4
7	20749	20749	20749
trial...4
gene	min	max	ave
1	20846	23289	21841
2	20749	22067	21311.8
3	20749	21561	21035.5
4	20749	21324	20877.4
5	20749	21101	20781.2
6	20749	20872	20753.3
7	20749	20769	20749.1
8	20749	20749	20749
trial...5
gene	min	max	ave
1	20769	23632	21840
2	20749	22055	21304.3
3	20749	21600	21001
4	20749	21247	20863.4
5	20749	21095	20788.4
6	20749	20852	20753.5
7	20749	20852	20749.5
8	20749	20749	20749
trial...6
gene	min	max	ave
1	20812	23315	21812.1
2	20749	22194	21313
3	20749	21593	21029.4
4	20749	21236	20877.5
5	20749	21096	20789.8
6	20749	20985	20756
7	20749	20749	20749
trial...7
gene	min	max	ave
1	20816	23109	21813.2
2	20749	22274	21275.7
3	20749	21580	21000.6
4	20749	21220	20855.2
5	20749	20985	20781.5
6	20749	20852	20754.3
7	20749	20749	20749
trial...8
gene	min	max	ave
1	20769	23068	21752.1
2	20753	22098	21252.9
3	20749	21611	20996.5
4	20749	21205	20860.4
5	20749	21010	20781.5
6	20749	20852	20753.7
7	20749	20749	20749
trial...9
gene	min	max	ave
1	20852	23477	21771
2	20749	22268	21258.2
3	20749	21520	20978.5
4	20749	21192	20842
5	20749	20922	20771.2
6	20749	20856	20752.2
7	20749	20852	20749.5
8	20749	20749	20749
trial...10
gene	min	max	ave
1	20812	22881	21708.3
2	20749	22408	21206
3	20749	21664	20969.9
4	20749	21157	20828.2
5	20749	21010	20769.8
6	20749	20872	20752.3
7	20749	20769	20749.3
8	20749	20749	20749
opt count : 10
opt average : 20749
convergence generation : 7.5
