Instance : kroD100.tsp
opt distance : 21294
trial : 10
generation : 100
population : 200
children : 100
trial...1
gene	min	max	ave
1	21481	23919	22358.9
2	21414	22864	21888.9
3	21294	22315	21606.9
4	21294	21873	21422.3
5	21294	21582	21328.6
6	21294	21374	21300.3
7	21294	21309	21294.7
8	21294	21294	21294
trial...2
gene	min	max	ave
1	21329	23230	22293.1
2	21329	22546	21857.3
3	21294	22131	21578.6
4	21294	21780	21413
5	21294	21546	21328.5
6	21294	21442	21300.7
7	21294	21307	21294.1
8	21294	21294	21294
trial...3
gene	min	max	ave
1	21427	23682	22308
2	21343	22486	21883.2
3	21294	22191	21605.8
4	21294	21792	21436.8
5	21294	21590	21338.3
6	21294	21389	21298
7	21294	21309	21294.2
8	21294	21294	21294
trial...4
gene	min	max	ave
1	21532	23274	22305.6
2	21309	22568	21835.3
3	21294	22212	21550
4	21294	21760	21395.6
5	21294	21564	21319.2
6	21294	21366	21298.3
7	21294	21309	21294.5
8	21294	21294	21294
trial...5
gene	min	max	ave
1	21510	23910	22371.9
2	21309	22811	21907
3	21294	22161	21617.5
4	21294	21893	21432.1
5	21294	21629	21338.9
6	21294	21395	21300.3
7	21294	21307	21294.2
8	21294	21294	21294
trial...6
gene	min	max	ave
1	21441	23315	22319.5
2	21361	22513	21850
3	21294	22115	21573.7
4	21294	21733	21400.2
5	21294	21525	21320.5
6	21294	21374	21297
7	21294	21294	21294
trial...7
gene	min	max	ave
1	21483	23429	22317.5
2	21294	22779	21839.2
3	21294	22206	21571
4	21294	21810	21390.9
5	21294	21535	21313.3
6	21294	21366	21295.3
7	21294	21294	21294
trial...8
gene	min	max	ave
1	21343	23280	22324.9
2	21294	22556	21861.2
3	21294	22164	21583.9
4	21294	21784	21414.5
5	21294	21485	21320.6
6	21294	21389	21298.7
7	21294	21374	21294.4
8	21294	21294	21294
trial...9
gene	min	max	ave
1	21430	23778	22344.4
2	21309	22952	21890.5
3	21294	22130	21609
4	21294	21810	21429.7
5	21294	21614	21333.5
6	21294	21361	21298.2
7	21294	21309	21294.8
8	21294	21309	21294.2
9	21294	21294	21294
trial...10
gene	min	max	ave
1	21443	23382	22262.2
2	21376	22432	21820.5
3	21294	22013	21554.8
4	21294	21852	21402.9
5	21294	21483	21320
6	21294	21374	21298
7	21294	21374	21294.5
8	21294	21294	21294
opt count : 10
opt average : 21294
convergence generation : 7.9
