Instance : lin105.tsp
opt distance : 14379
trial : 10
generation : 100
population : 200
children : 100
trial...1
gene	min	max	ave
1	14468	16038	14925.9
2	14379	15474	14621.6
3	14379	14710	14486.5
4	14379	14616	14417.7
5	14379	14492	14385.4
6	14379	14416	14379.2
7	14379	14379	14379
trial...2
gene	min	max	ave
1	14426	15741	14882.8
2	14379	15201	14617
3	14379	14808	14485.8
4	14379	14589	14420.5
5	14379	14522	14388.4
6	14379	14475	14379.5
7	14379	14379	14379
trial...3
gene	min	max	ave
1	14490	15931	14947.6
2	14379	15400	14636.4
3	14379	14779	14504.6
4	14379	14567	14436.4
5	14379	14508	14396.1
6	14379	14489	14380.6
7	14379	14379	14379
trial...4
gene	min	max	ave
1	14468	16001	14936
2	14401	15156	14642.6
3	14379	14992	14506.8
4	14379	14554	14432
5	14379	14504	14394
6	14379	14489	14380.2
7	14379	14379	14379
trial...5
gene	min	max	ave
1	14401	15941	14958.7
2	14379	15292	14645.8
3	14379	14786	14492.7
4	14379	14562	14420.7
5	14379	14522	14386.7
6	14379	14379	14379
trial...6
gene	min	max	ave
1	14401	15661	14905
2	14379	15412	14620.5
3	14379	14773	14484.7
4	14379	14570	14429
5	14379	14508	14389.4
6	14379	14475	14380.2
7	14379	14379	14379
trial...7
gene	min	max	ave
1	14379	16115	14909.1
2	14379	15206	14598.3
3	14379	14768	14475.8
4	14379	14571	14415
5	14379	14489	14388.9
6	14379	14412	14379.3
7	14379	14379	14379
trial...8
gene	min	max	ave
1	14390	15866	14922.2
2	14379	15177	14606.5
3	14379	14693	14464.7
4	14379	14539	14407.3
5	14379	14492	14383.6
6	14379	14416	14379.2
7	14379	14379	14379
trial...9
gene	min	max	ave
1	14379	15876	14923.5
2	14379	15244	14626.5
3	14379	14706	14501.4
4	14379	14605	14435.1
5	14379	14492	14391.3
6	14379	14401	14379.2
7	14379	14379	14379
trial...10
gene	min	max	ave
1	14434	15912	14953.1
2	14379	15287	14644
3	14379	14817	14505.7
4	14379	14599	14438.5
5	14379	14508	14396.8
6	14379	14475	14380.4
7	14379	14379	14379
opt count : 10
opt average : 14379
convergence generation : 6.9
