Instance : nrw1379.tsp
opt distance : 56638
trial : 10
generation : 100
population : 200
children : 100
trial...1
gene	min	max	ave
1	60855	62410	61603.5
2	60312	61417	60906.8
3	59797	60805	60345.4
4	59309	60193	59882.7
5	58979	59893	59487.5
6	58797	59471	59155.7
7	58553	59151	58867.6
8	58262	58808	58608.7
9	58101	58634	58382.7
10	57928	58373	58181.6
11	57762	58192	57994.2
12	57592	58051	57829.7
13	57451	57902	57679.7
14	57328	57726	57550
15	57240	57582	57435.1
16	57189	57486	57332.9
17	57107	57415	57238.6
18	57027	57314	57159.3
19	56981	57175	57085.7
20	56924	57108	57021.5
21	56883	57054	56966.2
22	56823	56991	56916
23	56789	56945	56869.4
24	56734	56898	56824.6
25	56718	56868	56786.9
26	56701	56807	56753.7
27	56688	56781	56723.5
28	56679	56749	56699.9
29	56662	56712	56683
30	56655	56691	56672
31	56653	56681	56663.1
32	56653	56675	56656.5
33	56653	56673	56653.7
34	56653	56657	56653
35	56653	56653	56653
trial...2
gene	min	max	ave
1	60750	62438	61580.1
2	60385	61621	60878.4
3	59877	61006	60326.5
4	59480	60181	59880
5	59159	59893	59508.3
6	58787	59441	59169
7	58555	59231	58882.2
8	58311	58897	58619.7
9	58055	58625	58379.9
10	57893	58382	58178.9
11	57698	58185	58000.5
12	57584	58016	57834.3
13	57510	57861	57689.5
14	57387	57721	57555.2
15	57198	57568	57429.2
16	57161	57467	57319.3
17	57058	57323	57218.4
18	57017	57263	57127.8
19	56941	57170	57053.1
20	56870	57078	56985.3
21	56836	57008	56927.2
22	56803	56949	56874.4
23	56782	56886	56829.5
24	56744	56859	56792.3
25	56734	56803	56765.3
26	56724	56785	56745.8
27	56711	56753	56730.5
28	56695	56737	56716.8
29	56678	56723	56703.4
30	56677	56710	56691.3
31	56671	56702	56682.1
32	56670	56692	56675.6
33	56669	56681	56673
34	56669	56675	56671.5
35	56669	56674	56670.5
36	56669	56673	56669.9
37	56669	56670	56669.6
38	56669	56670	56669.4
39	56669	56670	56669.1
40	56669	56670	56669
41	56669	56669	56669
trial...3
gene	min	max	ave
1	60891	62369	61578.4
2	60402	61371	60883.4
3	59884	60700	60314.3
4	59231	60211	59857.1
5	59044	59812	59473.9
6	58779	59502	59145.8
7	58509	59145	58852.6
8	58337	58874	58593.4
9	58038	58637	58357.7
10	57921	58356	58147.5
11	57654	58164	57958.2
12	57563	58010	57794.8
13	57450	57863	57647.5
14	57350	57701	57514.7
15	57221	57546	57393.9
16	57126	57431	57288.2
17	57001	57322	57190.9
18	56967	57223	57102.5
19	56894	57137	57020.1
20	56850	57058	56948.2
21	56767	56990	56883.9
22	56737	56918	56828.4
23	56730	56855	56780.2
24	56705	56803	56743.4
25	56684	56749	56715.9
26	56666	56722	56695.1
27	56660	56696	56679.5
28	56654	56684	56667.1
29	56650	56676	56658.8
30	56650	56666	56653.4
31	56650	56660	56650.9
32	56650	56660	56650.1
33	56650	56650	56650
trial...4
gene	min	max	ave
1	60979	62470	61624.5
2	60349	61608	60909.6
3	59884	60902	60359.7
4	59472	60281	59910
5	58939	59865	59510.6
6	58639	59459	59173.8
7	58585	59238	58874.6
8	58318	58907	58623.5
9	58126	58627	58395.7
10	57848	58416	58189.5
11	57709	58193	57997.7
12	57592	58050	57829.5
13	57447	57894	57674.8
14	57396	57700	57538.5
15	57265	57584	57415.3
16	57156	57467	57308.5
17	57031	57319	57211.5
18	56988	57250	57124
19	56954	57151	57051.1
20	56865	57062	56982.9
21	56839	57021	56925.1
22	56799	56950	56875.7
23	56763	56922	56835.5
24	56727	56864	56800.4
25	56715	56822	56769.6
26	56699	56798	56743.6
27	56683	56767	56720
28	56671	56743	56698.4
29	56658	56723	56681.3
30	56656	56703	56668.4
31	56654	56684	56660.6
32	56650	56665	56656.5
33	56650	56663	56653.7
34	56650	56661	56651.9
35	56650	56654	56650.8
36	56650	56654	56650.2
37	56650	56650	56650
trial...5
gene	min	max	ave
1	60842	62543	61595.3
2	60167	61748	60890.2
3	59824	60803	60356
4	59438	60350	59902.3
5	59184	59905	59503
6	58766	59541	59167
7	58516	59156	58878.4
8	58291	58907	58625.2
9	57998	58627	58398.3
10	57874	58419	58184.4
11	57727	58218	57994.8
12	57613	58069	57826
13	57458	57887	57674
14	57352	57692	57536.2
15	57208	57556	57410
16	57143	57428	57293.2
17	57040	57328	57185.4
18	56953	57258	57097
19	56883	57127	57018.3
20	56855	57039	56949.2
21	56808	56976	56891.6
22	56777	56924	56840.8
23	56749	56856	56799.2
24	56720	56810	56765.8
25	56683	56778	56737.7
26	56665	56759	56711.7
27	56655	56725	56688.9
28	56653	56707	56670.5
29	56652	56681	56659
30	56652	56663	56653.4
31	56652	56659	56652.1
32	56652	56652	56652
trial...6
gene	min	max	ave
1	60877	62484	61631.6
2	60219	61603	60908.9
3	59888	60887	60341
4	59494	60359	59867.5
5	59126	59799	59478.1
6	58802	59450	59146.4
7	58536	59114	58842.6
8	58257	58829	58579.6
9	58106	58591	58345.2
10	57856	58377	58144.8
11	57713	58150	57952.5
12	57549	57977	57780.4
13	57373	57801	57627.4
14	57301	57661	57488.9
15	57230	57530	57368.9
16	57126	57390	57263.9
17	57000	57282	57169.4
18	56962	57219	57088.7
19	56905	57156	57015.7
20	56847	57040	56952.8
21	56819	56977	56899.2
22	56792	56928	56852.6
23	56765	56877	56813.3
24	56725	56832	56780.2
25	56695	56791	56752.8
26	56681	56776	56728.3
27	56665	56749	56707.5
28	56646	56727	56688.1
29	56646	56703	56671.6
30	56644	56693	56659.2
31	56644	56675	56649.7
32	56644	56656	56645.7
33	56644	56649	56644.7
34	56644	56646	56644.3
35	56644	56645	56644.1
36	56644	56645	56644
37	56644	56644	56644
trial...7
gene	min	max	ave
1	61007	62263	61594.5
2	60199	61502	60913
3	59839	60918	60360.2
4	59479	60328	59910.3
5	59100	59801	59498.5
6	58841	59472	59159.7
7	58555	59160	58866.3
8	58269	58862	58592.4
9	58089	58663	58355.7
10	57767	58400	58141.6
11	57685	58139	57957
12	57574	57979	57791
13	57433	57828	57640.1
14	57260	57677	57501.6
15	57200	57566	57381.7
16	57122	57400	57276.8
17	57057	57339	57188.3
18	56998	57222	57102.5
19	56922	57128	57030.6
20	56841	57038	56963.3
21	56765	56971	56903.1
22	56728	56947	56849.6
23	56712	56881	56798.3
24	56705	56818	56755.8
25	56682	56775	56722.3
26	56669	56743	56696.9
27	56656	56703	56678.2
28	56649	56682	56664
29	56644	56667	56654.3
30	56643	56655	56650
31	56643	56655	56648.2
32	56643	56650	56647
33	56643	56649	56645.7
34	56643	56649	56644.2
35	56643	56649	56643.2
36	56643	56649	56643
37	56643	56643	56643
trial...8
gene	min	max	ave
1	60640	62435	61621.4
2	60194	61611	60894.2
3	59849	60723	60325.7
4	59503	60365	59870.8
5	58919	59846	59478.1
6	58747	59480	59144.3
7	58513	59108	58856.6
8	58352	58932	58604.8
9	58115	58597	58382.9
10	58004	58433	58182.2
11	57754	58188	58002.6
12	57668	58003	57847.4
13	57476	57856	57697.5
14	57332	57703	57563.7
15	57262	57601	57438.4
16	57173	57459	57333.9
17	57084	57373	57227.4
18	56974	57272	57137.9
19	56914	57166	57061.9
20	56874	57116	56992
21	56819	57027	56927.1
22	56770	56944	56870
23	56745	56894	56821.9
24	56719	56833	56783.7
25	56704	56808	56753.1
26	56680	56768	56728.2
27	56673	56745	56707.1
28	56666	56715	56689.2
29	56653	56702	56675.3
30	56646	56683	56666
31	56645	56676	56660.2
32	56645	56666	56655.7
33	56645	56662	56651.4
34	56645	56661	56648.1
35	56645	56654	56645.9
36	56645	56650	56645.2
37	56645	56645	56645
trial...9
gene	min	max	ave
1	60870	62661	61639.2
2	60518	61458	60935.1
3	59966	60833	60376
4	59494	60297	59914.7
5	59005	59964	59513.5
6	58786	59548	59180.8
7	58491	59292	58873.1
8	58286	58824	58603
9	57991	58593	58364.3
10	57898	58375	58153.3
11	57646	58208	57962.7
12	57524	58009	57788.7
13	57445	57895	57642.5
14	57367	57721	57514
15	57243	57557	57401.9
16	57130	57436	57301.9
17	57078	57316	57211.2
18	57006	57234	57130
19	56966	57158	57064.7
20	56895	57094	57004.3
21	56878	57024	56954.2
22	56826	56982	56907.4
23	56808	56932	56867.8
24	56777	56878	56833.8
25	56738	56843	56804.4
26	56716	56824	56776
27	56702	56792	56750.8
28	56679	56767	56729.6
29	56670	56746	56710.9
30	56651	56726	56694.1
31	56651	56710	56678.6
32	56651	56697	56664.7
33	56651	56693	56655.3
34	56651	56679	56651.8
35	56651	56652	56651.1
36	56651	56652	56651
37	56651	56651	56651
trial...10
gene	min	max	ave
1	60794	62251	61554
2	60231	61386	60861.8
3	59817	60704	60308.7
4	59426	60270	59861.4
5	59016	59889	59470.9
6	58695	59491	59131.6
7	58421	59112	58846.1
8	58303	58810	58576.9
9	58108	58590	58351.2
10	57926	58390	58146
11	57676	58173	57963
12	57439	57997	57795.5
13	57341	57811	57639.8
14	57299	57643	57502.7
15	57177	57564	57385
16	57111	57423	57279.2
17	57040	57319	57184.7
18	56989	57222	57100
19	56929	57118	57031.3
20	56888	57068	56970.5
21	56833	56992	56918.4
22	56801	56932	56874.9
23	56781	56899	56838
24	56751	56861	56805.4
25	56727	56828	56777.2
26	56695	56793	56752.1
27	56689	56768	56727.8
28	56665	56740	56705.2
29	56656	56719	56686.4
30	56651	56699	56671.5
31	56645	56680	56662.1
32	56644	56670	56654.9
33	56644	56664	56649.8
34	56644	56660	56646.6
35	56644	56651	56644.7
36	56644	56647	56644.2
37	56644	56645	56644
38	56644	56645	56644
39	56644	56644	56644
opt count : 0
opt average : 56650.1
convergence generation : 36.5
