Instance : pcb3038.tsp
opt distance : 137694
trial : 10
generation : 100
population : 200
children : 100
trial...1
gene	min	max	ave
1	150905	153608	152262
2	149323	151557	150503
3	148058	149991	149025
4	146853	148431	147709
5	145539	147578	146612
6	144816	146610	145638
7	143862	145375	144755
8	143086	144557	143952
9	142453	143874	143281
10	142092	143272	142656
11	141512	142621	142094
12	141133	142154	141582
13	140605	141564	141122
14	140285	141156	140720
15	139886	140647	140340
16	139540	140434	140000
17	139355	139985	139701
18	139117	139724	139427
19	138879	139466	139184
20	138652	139225	138974
21	138526	139001	138790
22	138407	138786	138624
23	138277	138664	138477
24	138208	138528	138348
25	138070	138365	138236
26	138039	138244	138144
27	137967	138154	138067
28	137937	138083	138002
29	137876	138019	137947
30	137848	137955	137902
31	137819	137915	137867
32	137799	137870	137838
33	137781	137855	137815
34	137771	137830	137795
35	137759	137805	137779
36	137748	137787	137765
37	137743	137767	137754
38	137739	137761	137746
39	137737	137749	137742
40	137736	137742	137739
41	137736	137740	137738
42	137736	137739	137737
43	137736	137739	137736
44	137736	137737	137736
45	137736	137737	137736
46	137736	137736	137736
trial...2
gene	min	max	ave
1	150305	153898	152193
2	148945	151851	150432
3	147449	150021	148963
4	146549	148739	147700
5	145428	147340	146568
6	144070	146221	145583
7	143449	145331	144681
8	142872	144766	143915
9	142142	143861	143207
10	141776	143348	142573
11	141292	142522	141979
12	140778	142040	141471
13	140525	141506	141012
14	140144	141105	140591
15	139814	140574	140222
16	139430	140231	139873
17	139199	139980	139578
18	139001	139646	139306
19	138817	139404	139065
20	138662	139156	138859
21	138492	138857	138683
22	138367	138693	138532
23	138239	138565	138405
24	138183	138435	138298
25	138076	138327	138204
26	138028	138222	138118
27	137962	138123	138044
28	137923	138059	137986
29	137887	138000	137936
30	137840	137951	137896
31	137817	137904	137860
32	137790	137872	137829
33	137772	137836	137803
34	137752	137811	137781
35	137747	137791	137765
36	137740	137770	137752
37	137734	137756	137744
38	137730	137747	137737
39	137725	137739	137732
40	137724	137735	137728
41	137721	137729	137725
42	137720	137726	137723
43	137720	137724	137721
44	137720	137722	137720
45	137720	137721	137720
46	137720	137720	137720
trial...3
gene	min	max	ave
1	150086	153875	152204
2	149097	151914	150467
3	147964	150075	148994
4	146682	148452	147682
5	145680	147298	146556
6	144526	146416	145553
7	143478	145432	144656
8	142931	144623	143846
9	142409	143860	143125
10	141803	143162	142467
11	141145	142437	141901
12	140724	142030	141403
13	140232	141327	140936
14	139931	140950	140520
15	139695	140509	140151
16	139326	140295	139809
17	139182	139836	139506
18	139008	139520	139250
19	138786	139262	139022
20	138582	138998	138819
21	138362	138828	138635
22	138268	138642	138473
23	138173	138479	138337
24	138042	138339	138227
25	137991	138242	138130
26	137963	138134	138052
27	137905	138052	137987
28	137869	138009	137932
29	137841	137946	137887
30	137797	137891	137848
31	137787	137857	137820
32	137767	137822	137798
33	137757	137805	137781
34	137748	137787	137766
35	137742	137771	137754
36	137730	137761	137744
37	137728	137748	137737
38	137723	137741	137732
39	137722	137735	137728
40	137721	137731	137724
41	137721	137728	137722
42	137721	137725	137721
43	137721	137722	137721
44	137721	137721	137721
trial...4
gene	min	max	ave
1	150531	153889	152251
2	149241	152013	150523
3	148023	150105	149021
4	146617	148725	147739
5	145753	147657	146599
6	144753	146718	145600
7	144021	145253	144708
8	143279	144651	143948
9	142601	143785	143252
10	142070	143185	142623
11	141350	142684	142031
12	140945	142014	141518
13	140632	141618	141064
14	140206	141138	140655
15	139837	140679	140275
16	139607	140256	139936
17	139294	139988	139637
18	139108	139689	139373
19	138852	139483	139137
20	138708	139204	138933
21	138477	138980	138741
22	138356	138757	138574
23	138206	138570	138428
24	138137	138460	138305
25	138056	138316	138199
26	137981	138219	138110
27	137955	138108	138033
28	137897	138053	137968
29	137826	137982	137913
30	137807	137914	137864
31	137788	137864	137828
32	137772	137842	137802
33	137761	137803	137781
34	137753	137793	137766
35	137746	137767	137756
36	137742	137757	137749
37	137738	137752	137744
38	137736	137747	137740
39	137734	137742	137738
40	137733	137740	137736
41	137733	137737	137735
42	137733	137736	137734
43	137733	137736	137733
44	137733	137736	137733
45	137733	137733	137733
trial...5
gene	min	max	ave
1	150784	153774	152293
2	149246	151796	150561
3	147742	150120	149069
4	146463	148791	147788
5	145417	147446	146641
6	144724	146583	145669
7	144136	145485	144818
8	143126	144672	144041
9	142563	143921	143308
10	141790	143251	142673
11	141438	142617	142086
12	141000	142120	141560
13	140396	141535	141099
14	140186	141100	140677
15	139870	140760	140299
16	139494	140323	139957
17	139373	139953	139656
18	139001	139752	139385
19	138870	139380	139145
20	138619	139222	138930
21	138416	138929	138742
22	138321	138778	138579
23	138278	138602	138437
24	138147	138467	138313
25	138104	138321	138212
26	138019	138209	138123
27	137970	138126	138049
28	137911	138090	137986
29	137873	137999	137934
30	137836	137944	137891
31	137811	137898	137855
32	137776	137854	137823
33	137772	137826	137800
34	137767	137803	137785
35	137760	137785	137774
36	137754	137776	137767
37	137753	137768	137760
38	137750	137763	137755
39	137747	137758	137751
40	137744	137755	137749
41	137744	137751	137748
42	137743	137749	137747
43	137743	137748	137746
44	137743	137748	137745
45	137743	137748	137744
46	137743	137747	137744
47	137743	137747	137743
48	137743	137743	137743
trial...6
gene	min	max	ave
1	150535	154111	152218
2	149232	151713	150450
3	147775	150051	148961
4	146371	148779	147686
5	145374	147533	146552
6	144650	146421	145572
7	143350	145376	144668
8	143132	144605	143888
9	142502	143896	143209
10	141977	143138	142598
11	141327	142567	142076
12	140958	142051	141571
13	140502	141502	141101
14	140298	141156	140695
15	139877	140745	140320
16	139558	140281	139975
17	139363	139990	139672
18	139054	139721	139398
19	138763	139415	139160
20	138696	139157	138945
21	138549	138985	138762
22	138412	138814	138591
23	138279	138647	138453
24	138202	138463	138328
25	138117	138340	138220
26	138017	138204	138133
27	137976	138136	138060
28	137942	138054	138001
29	137905	138012	137951
30	137862	137947	137909
31	137842	137915	137876
32	137817	137887	137846
33	137782	137858	137822
34	137771	137822	137801
35	137762	137809	137785
36	137757	137789	137771
37	137750	137774	137762
38	137746	137765	137754
39	137742	137757	137749
40	137740	137750	137745
41	137739	137747	137741
42	137738	137744	137739
43	137738	137743	137739
44	137738	137739	137739
45	137738	137739	137738
46	137738	137739	137738
47	137738	137739	137738
48	137738	137738	137738
trial...7
gene	min	max	ave
1	150737	153878	152338
2	148853	151781	150579
3	147608	150013	149065
4	146779	148748	147801
5	145569	147353	146658
6	144838	146483	145664
7	143872	145539	144810
8	143198	144886	143988
9	142639	143991	143282
10	142073	143207	142673
11	141460	142588	142122
12	140995	142106	141609
13	140406	141671	141151
14	140225	141161	140739
15	139970	140788	140358
16	139614	140392	140020
17	139220	140054	139714
18	139131	139738	139450
19	138891	139462	139211
20	138720	139276	139003
21	138577	139029	138814
22	138413	138844	138654
23	138313	138696	138516
24	138217	138553	138394
25	138161	138449	138292
26	138074	138322	138197
27	138026	138203	138118
28	137983	138136	138052
29	137923	138085	137996
30	137864	138006	137949
31	137841	137964	137907
32	137815	137923	137868
33	137795	137873	137835
34	137775	137842	137806
35	137765	137812	137786
36	137758	137788	137772
37	137749	137772	137762
38	137745	137762	137754
39	137739	137755	137748
40	137735	137750	137743
41	137731	137746	137738
42	137729	137740	137734
43	137729	137735	137731
44	137729	137731	137729
45	137729	137730	137729
46	137729	137729	137729
trial...8
gene	min	max	ave
1	150692	153867	152249
2	149178	151857	150512
3	147667	150164	149009
4	146658	148812	147691
5	145502	147499	146580
6	144657	146359	145599
7	143573	145305	144695
8	143177	144596	143903
9	142649	143879	143209
10	141978	143090	142575
11	141469	142520	142010
12	140855	142006	141510
13	140561	141558	141081
14	140196	141014	140670
15	139914	140652	140325
16	139527	140333	139998
17	139383	140047	139714
18	139087	139758	139464
19	138890	139539	139240
20	138776	139251	139037
21	138649	139040	138854
22	138526	138865	138696
23	138394	138741	138559
24	138288	138590	138431
25	138180	138465	138324
26	138100	138364	138227
27	138030	138222	138136
28	137956	138141	138056
29	137891	138059	137988
30	137856	137995	137930
31	137826	137940	137880
32	137796	137889	137838
33	137776	137843	137804
34	137759	137803	137780
35	137749	137780	137764
36	137741	137767	137752
37	137733	137757	137743
38	137726	137745	137737
39	137723	137738	137731
40	137721	137732	137726
41	137718	137731	137723
42	137717	137725	137720
43	137717	137722	137719
44	137717	137721	137717
45	137717	137719	137717
46	137717	137718	137717
47	137717	137717	137717
trial...9
gene	min	max	ave
1	149907	153885	152260
2	149146	151702	150498
3	147655	150113	149042
4	146876	148458	147755
5	145853	147286	146594
6	144858	146536	145591
7	143910	145421	144715
8	142862	144669	143952
9	142470	143855	143246
10	142019	143208	142604
11	141452	142651	142039
12	141040	142257	141555
13	140263	141639	141094
14	140038	141031	140676
15	139791	140657	140307
16	139601	140417	139970
17	139354	139994	139657
18	139148	139690	139379
19	138833	139414	139133
20	138644	139183	138916
21	138497	138955	138727
22	138328	138707	138563
23	138262	138580	138418
24	138137	138440	138291
25	138033	138340	138179
26	137982	138209	138082
27	137907	138086	138004
28	137871	138002	137942
29	137837	137940	137894
30	137815	137902	137860
31	137798	137866	137833
32	137784	137837	137811
33	137770	137819	137792
34	137760	137804	137778
35	137749	137785	137766
36	137737	137770	137756
37	137734	137758	137746
38	137729	137752	137738
39	137727	137741	137732
40	137726	137734	137729
41	137724	137730	137727
42	137724	137728	137726
43	137724	137727	137725
44	137724	137726	137724
45	137724	137726	137724
46	137724	137724	137724
trial...10
gene	min	max	ave
1	150287	153610	152209
2	149252	152001	150497
3	147960	150298	149015
4	146733	148686	147750
5	145886	147584	146650
6	144902	146586	145683
7	144117	145565	144821
8	143088	144827	144051
9	142633	143919	143361
10	142159	143249	142746
11	141590	142754	142169
12	141151	142134	141653
13	140579	141732	141188
14	140297	141311	140764
15	139781	140840	140387
16	139639	140432	140045
17	139408	140192	139734
18	139139	139748	139467
19	138885	139541	139228
20	138658	139258	139006
21	138545	139025	138817
22	138400	138886	138649
23	138261	138682	138486
24	138201	138524	138351
25	138101	138364	138236
26	138033	138241	138138
27	137970	138157	138059
28	137918	138061	137993
29	137879	138006	137941
30	137850	137942	137898
31	137820	137903	137863
32	137797	137863	137834
33	137788	137835	137814
34	137778	137812	137797
35	137770	137799	137784
36	137767	137790	137775
37	137759	137779	137768
38	137755	137771	137762
39	137750	137765	137756
40	137749	137764	137752
41	137749	137753	137750
42	137749	137750	137749
43	137749	137749	137749
opt count : 0
opt average : 137731
convergence generation : 45.9
