Instance : pr144.tsp
opt distance : 58537
trial : 10
generation : 100
population : 200
children : 100
trial...1
gene	min	max	ave
1	58570	64970	60039.8
2	58570	61307	59127
3	58537	60864	58752.9
4	58537	58947	58585.8
5	58537	58779	58555.6
6	58537	58590	58542.3
7	58537	58590	58537.5
8	58537	58537	58537
trial...2
gene	min	max	ave
1	58620	66381	60300.2
2	58537	62102	59192.9
3	58537	59674	58750.3
4	58537	59290	58596.7
5	58537	58799	58565.8
6	58537	58590	58548.4
7	58537	58590	58539.1
8	58537	58537	58537
trial...3
gene	min	max	ave
1	58587	66798	60138.5
2	58537	61920	59058.3
3	58537	59910	58693.8
4	58537	58973	58590.4
5	58537	58623	58559.7
6	58537	58590	58546.3
7	58537	58590	58538.9
8	58537	58537	58537
trial...4
gene	min	max	ave
1	58537	69664	60122.5
2	58537	62213	59107.8
3	58537	59373	58705.8
4	58537	58816	58593.6
5	58537	58623	58569.3
6	58537	58590	58555.6
7	58537	58590	58543.6
8	58537	58590	58537.8
9	58537	58537	58537
trial...5
gene	min	max	ave
1	58570	65075	60194.7
2	58537	62532	59203.3
3	58537	60298	58763.1
4	58537	59001	58600.1
5	58537	58799	58555.6
6	58537	58590	58542
7	58537	58590	58537.8
8	58537	58537	58537
trial...6
gene	min	max	ave
1	58570	64444	59827.8
2	58537	61701	58936
3	58537	59475	58641.8
4	58537	58763	58576.2
5	58537	58590	58560.4
6	58537	58590	58546.5
7	58537	58590	58538.9
8	58537	58537	58537
trial...7
gene	min	max	ave
1	58623	66457	60077.8
2	58537	61749	59042
3	58537	59919	58684.4
4	58537	58901	58578.5
5	58537	58623	58554
6	58537	58590	58542.8
7	58537	58590	58537.5
8	58537	58537	58537
trial...8
gene	min	max	ave
1	58571	65750	60122.4
2	58537	62257	59096.5
3	58537	60226	58721.2
4	58537	58799	58580.5
5	58537	58590	58555.3
6	58537	58590	58542.6
7	58537	58590	58537.8
8	58537	58537	58537
trial...9
gene	min	max	ave
1	58537	65659	60028.9
2	58537	62273	59021.6
3	58537	60371	58676.8
4	58537	58904	58578.7
5	58537	58746	58552.1
6	58537	58590	58539.7
7	58537	58590	58537.3
8	58537	58537	58537
trial...10
gene	min	max	ave
1	58554	66436	60055.9
2	58537	61423	59052.3
3	58537	59319	58662.9
4	58537	58763	58579.8
5	58537	58623	58561
6	58537	58590	58547.1
7	58537	58590	58538.9
8	58537	58590	58537.3
9	58537	58537	58537
opt count : 10
opt average : 58537
convergence generation : 8.2
