Instance : rat783.tsp
opt distance : 8806
trial : 10
generation : 100
population : 200
children : 100
trial...1
gene	min	max	ave
1	9450	9787	9630.66
2	9288	9616	9486.27
3	9251	9488	9375.2
4	9179	9389	9282.55
5	9111	9277	9205.86
6	9062	9209	9139.17
7	9011	9153	9085.26
8	8981	9093	9038.24
9	8944	9074	8996.44
10	8907	9013	8960.84
11	8891	8968	8927.84
12	8867	8936	8900.31
13	8852	8914	8876.89
14	8835	8884	8857.77
15	8826	8864	8843.92
16	8816	8852	8833.35
17	8810	8839	8824.98
18	8808	8830	8818.6
19	8806	8822	8813.41
20	8806	8820	8810.02
21	8806	8817	8807.48
22	8806	8811	8806.3
23	8806	8807	8806
24	8806	8806	8806
trial...2
gene	min	max	ave
1	9479	9834	9625.4
2	9355	9639	9484.82
3	9247	9479	9370.86
4	9168	9392	9275.5
5	9112	9293	9199.85
6	9066	9212	9136.28
7	9005	9154	9080.84
8	8957	9088	9034.47
9	8911	9038	8992.9
10	8894	9000	8959.09
11	8885	8970	8929.24
12	8857	8946	8902.15
13	8838	8919	8878.62
14	8828	8894	8858.72
15	8819	8869	8843.35
16	8817	8847	8831.52
17	8814	8838	8823.28
18	8812	8832	8818.48
19	8811	8823	8815.31
20	8810	8818	8813.18
21	8810	8816	8812.04
22	8809	8813	8811.68
23	8809	8812	8811.39
24	8809	8812	8810.97
25	8809	8812	8810.43
26	8809	8811	8809.93
27	8809	8811	8809.43
28	8809	8811	8809.11
29	8809	8811	8809.02
30	8809	8809	8809
trial...3
gene	min	max	ave
1	9467	9795	9621.89
2	9330	9619	9476.13
3	9234	9468	9360.67
4	9172	9360	9268.19
5	9111	9267	9189.42
6	9052	9186	9125.17
7	9007	9161	9070.67
8	8953	9082	9024.25
9	8937	9040	8984.23
10	8906	8998	8950.51
11	8876	8957	8919.95
12	8853	8938	8893.45
13	8836	8909	8869.93
14	8825	8885	8851.22
15	8820	8866	8836.55
16	8815	8839	8825.99
17	8814	8827	8819.42
18	8809	8820	8815.8
19	8807	8818	8813.75
20	8806	8815	8812.49
21	8806	8814	8811.5
22	8806	8813	8810.22
23	8806	8813	8808.45
24	8806	8812	8806.82
25	8806	8812	8806.15
26	8806	8810	8806.02
27	8806	8806	8806
trial...4
gene	min	max	ave
1	9418	9782	9616.15
2	9333	9618	9476.99
3	9269	9497	9362.09
4	9171	9349	9267.67
5	9099	9271	9192.51
6	9039	9204	9129.98
7	9013	9145	9074.64
8	8965	9083	9025.52
9	8929	9030	8981.68
10	8888	8992	8943.85
11	8867	8962	8910.79
12	8850	8916	8882.88
13	8844	8888	8861.83
14	8827	8865	8846.2
15	8820	8853	8834.42
16	8815	8840	8825.78
17	8814	8829	8819.58
18	8811	8823	8815.53
19	8811	8818	8813.17
20	8811	8815	8811.94
21	8811	8813	8811.44
22	8810	8812	8811.16
23	8810	8812	8810.91
24	8810	8811	8810.72
25	8810	8811	8810.52
26	8810	8811	8810.25
27	8810	8811	8810.07
28	8810	8810	8810
trial...5
gene	min	max	ave
1	9439	9769	9607.21
2	9326	9611	9466.14
3	9244	9493	9354.4
4	9155	9351	9262.55
5	9104	9270	9186.91
6	9039	9218	9121.59
7	8980	9133	9065.86
8	8958	9081	9019.11
9	8918	9042	8978.78
10	8897	8991	8942.57
11	8875	8957	8911.18
12	8859	8920	8886.57
13	8839	8893	8866.02
14	8830	8870	8849.99
15	8828	8855	8838.43
16	8821	8843	8829.99
17	8818	8832	8824.31
18	8817	8826	8820.68
19	8815	8822	8818.43
20	8814	8819	8816.99
21	8813	8819	8815.8
22	8813	8817	8815.01
23	8813	8817	8814.57
24	8813	8815	8814.17
25	8813	8815	8813.71
26	8813	8815	8813.24
27	8813	8815	8813.04
28	8813	8813	8813
trial...6
gene	min	max	ave
1	9408	9789	9628.34
2	9340	9621	9484.19
3	9237	9487	9371.41
4	9184	9370	9278.01
5	9124	9280	9202.12
6	9068	9206	9137.83
7	9003	9150	9079.93
8	8967	9092	9031.85
9	8926	9053	8989.19
10	8898	8994	8952.8
11	8881	8970	8920.5
12	8861	8935	8892.69
13	8833	8904	8869.27
14	8827	8881	8851.22
15	8820	8855	8837.33
16	8814	8846	8827.36
17	8811	8832	8820.41
18	8809	8823	8815.56
19	8807	8820	8812.07
20	8806	8816	8809.61
21	8806	8813	8808.02
22	8806	8810	8806.91
23	8806	8808	8806.21
24	8806	8807	8806.01
25	8806	8806	8806
trial...7
gene	min	max	ave
1	9469	9804	9624.95
2	9348	9622	9485.13
3	9258	9471	9375.07
4	9194	9372	9280.64
5	9120	9297	9205.35
6	9070	9218	9141.64
7	9010	9159	9086.14
8	8963	9093	9035.16
9	8920	9046	8992.23
10	8893	9000	8954.39
11	8872	8968	8920.11
12	8858	8933	8891.82
13	8843	8901	8870.36
14	8823	8876	8854.2
15	8820	8857	8840.81
16	8816	8846	8829.92
17	8812	8837	8822.25
18	8809	8830	8816.6
19	8806	8820	8812.71
20	8806	8817	8810.43
21	8806	8813	8809.01
22	8806	8812	8807.56
23	8806	8812	8806.5
24	8806	8808	8806.11
25	8806	8806	8806
trial...8
gene	min	max	ave
1	9449	9794	9630.05
2	9351	9634	9491.34
3	9242	9487	9376.07
4	9177	9369	9283.71
5	9107	9274	9207.44
6	9040	9208	9139.78
7	9001	9147	9082.65
8	8970	9093	9033.66
9	8944	9044	8991.85
10	8891	9004	8955.21
11	8870	8970	8923.4
12	8859	8936	8894.85
13	8839	8896	8870
14	8831	8881	8850.99
15	8819	8854	8836.43
16	8816	8842	8825.85
17	8810	8829	8819.13
18	8809	8822	8815.27
19	8808	8818	8813.47
20	8807	8815	8812.18
21	8807	8814	8810.81
22	8807	8813	8809.36
23	8807	8812	8808.19
24	8807	8811	8807.69
25	8807	8808	8807.39
26	8807	8808	8807.14
27	8807	8808	8807.01
28	8807	8807	8807
trial...9
gene	min	max	ave
1	9490	9812	9627.9
2	9355	9614	9485.11
3	9262	9493	9373.34
4	9176	9377	9280.04
5	9099	9275	9203.89
6	9062	9202	9139.1
7	9011	9147	9082.72
8	8965	9080	9035.44
9	8940	9043	8993.92
10	8912	8998	8957.41
11	8883	8966	8926.12
12	8843	8930	8898.02
13	8837	8904	8875
14	8833	8883	8857.09
15	8824	8863	8842.75
16	8818	8849	8832.03
17	8813	8836	8823.77
18	8812	8827	8817.95
19	8809	8821	8814.08
20	8809	8816	8812.28
21	8808	8813	8811.44
22	8808	8812	8810.94
23	8808	8812	8810.43
24	8808	8812	8809.88
25	8808	8811	8809.16
26	8808	8811	8808.5
27	8808	8810	8808.13
28	8808	8809	8808.01
29	8808	8808	8808
trial...10
gene	min	max	ave
1	9481	9838	9624.5
2	9364	9628	9484.7
3	9239	9461	9369.92
4	9142	9355	9277.13
5	9089	9273	9197.69
6	9049	9210	9134.26
7	8998	9137	9075.12
8	8950	9089	9029.03
9	8923	9056	8987.38
10	8897	9016	8951.26
11	8871	8964	8920.6
12	8848	8928	8893
13	8840	8915	8869.5
14	8828	8876	8849.27
15	8817	8852	8834.91
16	8815	8839	8824.85
17	8811	8830	8818.29
18	8809	8819	8814.73
19	8808	8816	8812.85
20	8808	8815	8811.51
21	8807	8814	8810.49
22	8807	8812	8809.52
23	8807	8811	8808.59
24	8807	8811	8807.77
25	8807	8809	8807.32
26	8807	8808	8807.08
27	8807	8808	8807
28	8807	8807	8807
opt count : 4
opt average : 8807.8
convergence generation : 27.2
