Instance : rd100.tsp
opt distance : 7910
trial : 10
generation : 100
population : 200
children : 100
trial...1
gene	min	max	ave
1	8009	8832	8359.49
2	7936	8540	8167.11
3	7910	8306	8052.32
4	7910	8189	7974.4
5	7910	8042	7929.72
6	7910	7977	7912.85
7	7910	7952	7910.21
8	7910	7910	7910
trial...2
gene	min	max	ave
1	7966	8746	8353.77
2	7918	8528	8165.06
3	7910	8251	8053.27
4	7910	8149	7977.05
5	7910	8057	7930.12
6	7910	8042	7913.69
7	7910	7919	7910.18
8	7910	7910	7910
trial...3
gene	min	max	ave
1	8014	8802	8363.33
2	7930	8539	8168.78
3	7913	8305	8041.48
4	7910	8116	7975.89
5	7910	8043	7932.31
6	7910	8023	7913.79
7	7910	7951	7910.39
8	7910	7919	7910.05
9	7910	7910	7910
trial...4
gene	min	max	ave
1	7986	8880	8351.22
2	7944	8529	8172.09
3	7910	8286	8054.2
4	7910	8138	7987.88
5	7910	8061	7940.23
6	7910	8014	7916.77
7	7910	7944	7910.79
8	7910	7910	7910
trial...5
gene	min	max	ave
1	8026	9047	8346.98
2	7972	8385	8148.23
3	7910	8281	8035.23
4	7910	8104	7965.69
5	7910	8044	7926.24
6	7910	7974	7912.38
7	7910	7951	7910.25
8	7910	7910	7910
trial...6
gene	min	max	ave
1	7986	8830	8334.75
2	7930	8464	8150.73
3	7910	8293	8036.44
4	7910	8195	7966.35
5	7910	8031	7926.85
6	7910	7974	7912.74
7	7910	7952	7910.43
8	7910	7910	7910
trial...7
gene	min	max	ave
1	7970	8880	8389.78
2	7925	8546	8190.51
3	7910	8296	8053.73
4	7910	8203	7972.55
5	7910	8050	7928.32
6	7910	7978	7913.13
7	7910	7944	7910.48
8	7910	7910	7910
trial...8
gene	min	max	ave
1	7978	8851	8379.81
2	7918	8592	8183.76
3	7910	8328	8050.81
4	7910	8125	7970.27
5	7910	8058	7927.02
6	7910	7970	7912.17
7	7910	7910	7910
trial...9
gene	min	max	ave
1	8042	8834	8348.4
2	7933	8506	8169.45
3	7910	8327	8048.49
4	7910	8146	7971.83
5	7910	8066	7925.64
6	7910	7951	7911.86
7	7910	7913	7910.02
8	7910	7910	7910
trial...10
gene	min	max	ave
1	8068	8821	8377.33
2	7960	8540	8186.56
3	7921	8351	8070.41
4	7910	8181	7996.89
5	7910	8048	7947.66
6	7910	8042	7919.71
7	7910	7964	7910.68
8	7910	7910	7910
opt count : 10
opt average : 7910
convergence generation : 8
