Instance : st70.tsp
opt distance : 675
trial : 10
generation : 100
population : 200
children : 100
trial...1
gene	min	max	ave
1	678	742	700.77
2	675	713	688.845
3	675	703	682.085
4	675	687	678.725
5	675	682	676.945
6	675	680	675.66
7	675	679	675.07
8	675	675	675
trial...2
gene	min	max	ave
1	677	745	699.475
2	675	711	687.515
3	675	694	681.58
4	675	690	678.31
5	675	685	676.365
6	675	680	675.29
7	675	678	675.015
8	675	675	675
trial...3
gene	min	max	ave
1	676	748	700.265
2	675	710	688.2
3	675	699	681.84
4	675	688	678.82
5	675	684	677.055
6	675	680	675.565
7	675	677	675.03
8	675	675	675
trial...4
gene	min	max	ave
1	675	736	701.13
2	675	720	688.295
3	675	698	681.78
4	675	685	678.435
5	675	684	676.225
6	675	680	675.235
7	675	675	675
trial...5
gene	min	max	ave
1	677	738	699.59
2	675	713	687.8
3	675	697	681.735
4	675	687	678.62
5	675	682	676.7
6	675	680	675.325
7	675	675	675
trial...6
gene	min	max	ave
1	680	741	701.29
2	676	716	688.775
3	675	705	682.33
4	675	687	679.14
5	675	684	677.04
6	675	680	675.61
7	675	680	675.135
8	675	677	675.01
9	675	675	675
trial...7
gene	min	max	ave
1	677	745	702.7
2	675	721	689.18
3	675	702	682.45
4	675	687	678.895
5	675	684	676.885
6	675	680	675.65
7	675	680	675.075
8	675	675	675
trial...8
gene	min	max	ave
1	675	738	701.705
2	675	719	688.195
3	675	701	681.405
4	675	685	678.225
5	675	681	676.5
6	675	680	675.34
7	675	675	675
trial...9
gene	min	max	ave
1	677	747	701.52
2	676	727	688.435
3	675	700	681.715
4	675	688	678.13
5	675	681	676.145
6	675	680	675.205
7	675	677	675.02
8	675	675	675
trial...10
gene	min	max	ave
1	675	744	700.95
2	675	712	687.645
3	675	699	681.425
4	675	690	677.85
5	675	684	675.7
6	675	680	675.055
7	675	675	675
opt count : 10
opt average : 675
convergence generation : 7.7
