Instance : u159.tsp
opt distance : 42080
trial : 10
generation : 100
population : 200
children : 100
trial...1
gene	min	max	ave
1	42638	48273	45034.7
2	42123	45780	43701
3	42080	44289	42818.2
4	42080	43186	42408.1
5	42080	42752	42220.3
6	42080	42407	42119.1
7	42080	42324	42083
8	42080	42080	42080
trial...2
gene	min	max	ave
1	42579	48418	45139.9
2	42080	46486	43730.9
3	42080	44329	42781.1
4	42080	43198	42322.4
5	42080	42508	42137.6
6	42080	42324	42085
7	42080	42080	42080
trial...3
gene	min	max	ave
1	42617	48275	44964.8
2	42280	45448	43650.3
3	42080	44069	42841.7
4	42080	43190	42387.8
5	42080	42707	42177.5
6	42080	42324	42089.5
7	42080	42080	42080
trial...4
gene	min	max	ave
1	42927	48745	45034.6
2	42405	46012	43658.6
3	42080	44028	42769.9
4	42080	42970	42317.9
5	42080	42642	42148.7
6	42080	42402	42089.7
7	42080	42080	42080
trial...5
gene	min	max	ave
1	42560	48322	44877.2
2	42154	46475	43524
3	42080	43786	42668.9
4	42080	42982	42281.9
5	42080	42584	42139.8
6	42080	42396	42091.6
7	42080	42080	42080
trial...6
gene	min	max	ave
1	42768	48710	44841.7
2	42326	45659	43502.4
3	42080	44140	42680.7
4	42080	42951	42286.4
5	42080	42627	42140
6	42080	42324	42087
7	42080	42080	42080
trial...7
gene	min	max	ave
1	42667	48111	44948.4
2	42327	46085	43632.7
3	42080	44188	42749.1
4	42080	42838	42333.8
5	42080	42538	42181.6
6	42080	42396	42100
7	42080	42239	42080.8
8	42080	42080	42080
trial...8
gene	min	max	ave
1	42765	47445	44812.2
2	42154	45498	43500.3
3	42080	43740	42709.9
4	42080	43337	42315.2
5	42080	42693	42173.3
6	42080	42396	42103.2
7	42080	42324	42081.4
8	42080	42080	42080
trial...9
gene	min	max	ave
1	42421	48044	44799.4
2	42088	45799	43518.8
3	42080	44244	42678.2
4	42080	43076	42252.5
5	42080	42676	42107.6
6	42080	42324	42081.3
7	42080	42080	42080
trial...10
gene	min	max	ave
1	42582	48564	44944.6
2	42232	46086	43538.7
3	42080	43836	42696.1
4	42080	43397	42269.5
5	42080	42598	42116.1
6	42080	42147	42080.6
7	42080	42080	42080
opt count : 10
opt average : 42080
convergence generation : 7.3
